$alaska_pollock
      Year      Lat       Lon  Vessel AreaSwept_km2   Catch_KG
1     1982 55.00333 -166.9400 missing             1    29.0863
2     1982 55.01017 -166.3463 missing             1    40.0531
3     1982 55.00833 -165.7400 missing             1    29.0096
4     1982 55.01050 -165.1590 missing             1    80.0584
5     1982 55.00833 -164.5767 missing             1     2.8410
6     1982 55.33000 -166.9717 missing             1    26.3334
7     1982 55.31267 -166.3468 missing             1     2.4932
8     1982 55.34667 -165.7850 missing             1    11.2492
9     1982 55.34833 -165.1655 missing             1    52.2525
10    1982 55.32667 -164.5900 missing             1    22.1909
11    1982 55.33983 -163.9808 missing             1   131.9463
12    1982 55.35000 -163.4167 missing             1     9.2354
13    1982 55.72000 -167.5475 missing             1    14.8815
14    1982 55.66333 -166.9683 missing             1    63.5215
15    1982 55.64783 -166.3788 missing             1    23.6302
16    1982 55.68167 -165.8017 missing             1    23.3280
17    1982 55.68600 -165.1512 missing             1    15.6360
18    1982 55.66000 -164.5800 missing             1    11.2796
19    1982 55.64600 -164.0075 missing             1    67.5234
20    1982 55.68333 -163.4000 missing             1    46.5701
21    1982 55.70167 -162.8247 missing             1   371.7342
22    1982 55.67867 -168.1960 missing             1    26.7014
23    1982 56.01283 -167.6163 missing             1    35.3910
24    1982 56.00667 -167.0250 missing             1    58.2040
25    1982 55.98383 -166.4025 missing             1   267.7646
26    1982 56.00667 -165.7917 missing             1    56.7503
27    1982 56.01550 -165.1777 missing             1     1.0069
28    1982 55.98500 -164.5917 missing             1     5.6096
29    1982 56.00133 -164.0082 missing             1     4.4220
30    1982 56.00500 -163.3900 missing             1    73.3420
31    1982 56.02083 -162.8055 missing             1    35.2205
32    1982 56.00167 -162.2317 missing             1   135.2327
33    1982 56.01167 -168.2350 missing             1    36.3745
34    1982 56.34333 -167.6480 missing             1    85.3723
35    1982 56.32667 -167.0133 missing             1    67.7837
36    1982 56.31917 -166.4145 missing             1   117.4705
37    1982 56.33833 -165.7983 missing             1    50.1974
38    1982 56.34433 -165.1982 missing             1     4.3451
39    1982 56.31833 -164.5817 missing             1    23.9247
40    1982 56.31450 -163.9980 missing             1    23.7475
41    1982 56.34000 -163.3967 missing             1     4.7887
42    1982 56.35433 -162.7980 missing             1     8.9818
43    1982 56.32333 -162.2050 missing             1     4.1447
44    1982 56.31817 -161.6365 missing             1   110.8455
45    1982 56.34167 -161.0033 missing             1  1334.3434
46    1982 56.34500 -168.2633 missing             1    52.9904
47    1982 56.33667 -168.8813 missing             1    94.0669
48    1982 56.34500 -170.0670 missing             1    55.9528
49    1982 56.34417 -170.6825 missing             1    77.3868
50    1982 56.68167 -167.6648 missing             1   886.8896
51    1982 56.66333 -167.0767 missing             1   322.8641
52    1982 56.64550 -166.4300 missing             1   132.5965
53    1982 56.67333 -165.8250 missing             1    15.5860
54    1982 56.68150 -165.1960 missing             1    26.4567
55    1982 56.66000 -164.6117 missing             1    15.4817
56    1982 56.66500 -164.0000 missing             1     9.8392
57    1982 56.68167 -163.3800 missing             1    17.0710
58    1982 56.68867 -162.7860 missing             1     3.4267
59    1982 56.65333 -162.1867 missing             1     6.3731
60    1982 56.65617 -161.5812 missing             1    33.0832
61    1982 56.67833 -160.9917 missing             1     8.2021
62    1982 56.67067 -160.3497 missing             1   110.6493
63    1982 56.68500 -159.7600 missing             1     6.2813
64    1982 56.66000 -168.3167 missing             1   105.6679
65    1982 56.65150 -168.8945 missing             1    26.4137
66    1982 56.66033 -169.5015 missing             1     0.0292
67    1982 56.67217 -170.1337 missing             1   218.1090
68    1982 56.67983 -170.7397 missing             1   135.9949
69    1982 56.66200 -171.3312 missing             1   437.5171
70    1982 56.67400 -171.9685 missing             1    50.8171
71    1982 56.67933 -172.6305 missing             1   214.6154
72    1982 56.98800 -167.7148 missing             1    37.6540
73    1982 57.00833 -167.0817 missing             1     6.9424
74    1982 56.97717 -166.4613 missing             1    35.5076
75    1982 57.01167 -165.8583 missing             1     7.8586
76    1982 57.01800 -165.2162 missing             1     3.5487
77    1982 56.99000 -164.6050 missing             1    55.4078
78    1982 57.00100 -163.9942 missing             1     5.2803
79    1982 57.01667 -163.3950 missing             1    33.9127
80    1982 57.01783 -162.7815 missing             1     1.0659
81    1982 56.99333 -162.1733 missing             1     0.0217
82    1982 56.98617 -161.5835 missing             1     0.3811
83    1982 57.01500 -160.9517 missing             1     1.5296
84    1982 56.98200 -160.3347 missing             1    14.7539
85    1982 56.99333 -159.7233 missing             1    38.5532
86    1982 57.00467 -159.0963 missing             1    28.0470
87    1982 57.01283 -168.3408 missing             1   232.1074
88    1982 56.98000 -168.9957 missing             1     2.5868
89    1982 57.01500 -169.5228 missing             1    17.2827
90    1982 57.00233 -170.1805 missing             1     1.5029
91    1982 57.01167 -170.7883 missing             1   407.1045
92    1982 56.98050 -171.4083 missing             1   482.6886
93    1982 57.01617 -171.9675 missing             1     7.5082
94    1982 57.01583 -172.6908 missing             1   220.1549
95    1982 57.03050 -173.2815 missing             1   241.3699
96    1982 56.85233 -168.6488 missing             1    36.6549
97    1982 56.82833 -169.3193 missing             1    12.5987
98    1982 56.84200 -169.9282 missing             1     0.0207
99    1982 56.85250 -170.4487 missing             1    10.4417
100   1982 57.37183 -167.7390 missing             1     2.5240
101   1982 57.34333 -167.1350 missing             1    60.5425
102   1982 57.31067 -166.4803 missing             1    11.3583
103   1982 57.34667 -165.8767 missing             1    10.6022
104   1982 57.35033 -165.2490 missing             1    11.4304
105   1982 57.32500 -164.6167 missing             1    34.3974
106   1982 57.31867 -163.9938 missing             1     2.3533
107   1982 57.34500 -163.4000 missing             1    10.1383
108   1982 57.34417 -162.7670 missing             1     0.0356
109   1982 57.33500 -162.1533 missing             1     2.2844
110   1982 57.33217 -161.5797 missing             1     0.0287
111   1982 57.34500 -160.9400 missing             1     3.9120
112   1982 57.31517 -160.2978 missing             1    10.9009
113   1982 57.31667 -159.6633 missing             1    16.5390
114   1982 57.33917 -159.0873 missing             1     2.7073
115   1982 57.33833 -158.4100 missing             1     1.3034
116   1982 57.34217 -168.3878 missing             1   107.7886
117   1982 57.31483 -169.0220 missing             1     0.8359
118   1982 57.31667 -169.6083 missing             1    92.5980
119   1982 57.35700 -170.2800 missing             1     0.0000
120   1982 57.36500 -170.8717 missing             1    26.9895
121   1982 57.31417 -171.4597 missing             1   316.2083
122   1982 57.32500 -172.0942 missing             1   110.1861
123   1982 57.31950 -172.7203 missing             1     0.0817
124   1982 57.34250 -173.2700 missing             1    94.8172
125   1982 57.17667 -168.6217 missing             1   776.5662
126   1982 57.14733 -169.3322 missing             1    64.2743
127   1982 57.14200 -169.9058 missing             1     0.0534
128   1982 57.68383 -167.7590 missing             1     3.5564
129   1982 57.67667 -167.1467 missing             1     8.4554
130   1982 57.73550 -166.5308 missing             1    40.8633
131   1982 57.67667 -165.8883 missing             1     1.9574
132   1982 57.68283 -165.2493 missing             1     0.0000
133   1982 57.65667 -164.6200 missing             1    32.2141
134   1982 57.65017 -163.9920 missing             1     0.0000
135   1982 57.68500 -163.3917 missing             1     2.1249
136   1982 57.70000 -162.7533 missing             1     1.2506
137   1982 57.66500 -162.1367 missing             1     0.2135
138   1982 57.65217 -161.4828 missing             1     4.3151
139   1982 57.67500 -160.8900 missing             1    26.2865
140   1982 57.64467 -160.2607 missing             1     4.3413
141   1982 57.65000 -159.6417 missing             1     0.5417
142   1982 57.68067 -159.0187 missing             1     0.0000
143   1982 57.67167 -158.3600 missing             1     0.0000
144   1982 57.66867 -168.4183 missing             1     5.0791
145   1982 57.66683 -169.0717 missing             1    77.8529
146   1982 57.66583 -169.6783 missing             1    19.2386
147   1982 57.68367 -170.2978 missing             1    64.0986
148   1982 57.66350 -170.8952 missing             1    36.5761
149   1982 57.67350 -171.5105 missing             1  1049.6517
150   1982 57.66500 -172.1533 missing             1    81.6297
151   1982 57.74267 -172.8162 missing             1   325.8123
152   1982 57.65600 -173.3787 missing             1    40.7614
153   1982 57.50883 -168.6410 missing             1   101.1475
154   1982 57.49250 -169.2950 missing             1   161.4160
155   1982 57.48983 -169.9757 missing             1   504.8332
156   1982 57.51450 -170.5517 missing             1     0.7049
157   1982 58.04117 -167.7887 missing             1   101.4611
158   1982 57.99750 -167.1688 missing             1     5.3341
159   1982 57.98533 -166.5163 missing             1    11.1808
160   1982 57.99500 -165.9000 missing             1    18.7705
161   1982 58.01533 -165.2468 missing             1    20.4993
162   1982 57.99000 -164.6250 missing             1     2.0493
163   1982 57.98117 -164.0007 missing             1     2.1156
164   1982 58.01000 -163.3917 missing             1     2.3412
165   1982 58.02750 -162.7485 missing             1     2.3594
166   1982 57.98500 -162.1300 missing             1     0.0152
 [ reached getOption("max.print") -- omitted 12795 rows ]

$Version
[1] "VAST_v2_4_0"

$Method
[1] "Mesh"

$grid_size_km
[1] 25

$n_x
[1] 100

$FieldConfig
  Omega1 Epsilon1   Omega2 Epsilon2 
       1        1        1        1 

$RhoConfig
   Beta1    Beta2 Epsilon1 Epsilon2 
       0        0        0        0 

$OverdispersionConfig
    Vessel VesselYear 
         0          0 

$ObsModel
[1] 2 0

$Kmeans_Config
$Kmeans_Config$randomseed
[1] 1

$Kmeans_Config$nstart
[1] 100

$Kmeans_Config$iter.max
[1] 1000


